33 0 0 13 50 5 43 21
34 13 0 24 21 2 43 26
35 37 0 41 50 0 42 38
36 79 0 40 58 0 46 38
37 120 0 58 51 2 43 59
38 178 0 46 51 2 43 45
39 224 0 13 21 3 43 15
40 237 0 24 65 4 45 24
41 261 0 24 65 0 45 24
42 285 0 29 29 1 43 28
43 315 0 38 38 3 36 40
44 353 0 13 22 5 6 21
45 367 0 22 12 2 19 24
46 390 0 13 14 5 6 21
47 403 0 24 53 0 45 21
48 428 0 37 51 2 43 38
49 465 0 34 50 4 43 38
50 0 73 35 51 3 43 38
51 35 73 37 51 2 43 38
52 72 73 39 50 1 43 38
53 111 73 37 51 2 43 38
54 149 73 36 51 3 43 38
55 185 73 35 50 3 43 38
56 221 73 36 51 2 43 38
57 257 73 36 51 3 43 38
58 294 73 13 40 5 33 21
59 307 73 13 48 5 33 21
60 321 73 38 39 3 36 40
61 359 73 38 27 3 30 40
62 397 73 38 39 3 36 40
63 435 73 37 51 2 43 38
64 0 132 60 61 5 45 67
65 60 132 49 50 0 43 45
66 109 132 40 50 5 43 45
67 150 132 47 51 3 43 49
68 197 132 44 50 5 43 49
69 241 132 41 50 5 43 45
70 283 132 38 50 5 43 42
71 321 132 48 51 3 43 52
72 369 132 42 50 5 43 49
73 411 132 13 50 5 43 21
74 424 132 33 51 1 43 35
75 457 132 43 50 5 43 45
76 0 201 35 50 5 43 38
77 35 201 49 50 5 43 55
78 84 201 42 50 5 43 49
79 126 201 50 51 3 43 52
80 176 201 40 50 5 43 45
81 217 201 50 63 3 43 52
82 267 201 44 50 5 43 49
83 312 201 43 51 2 43 45
84 355 201 42 50 1 43 42
85 398 201 43 51 4 43 49
86 441 201 48 50 0 43 45
87 0 272 66 50 0 43 62
88 66 272 46 50 1 43 45
89 112 272 46 50 1 43 45
90 158 272 41 50 2 43 42
91 200 272 20 65 4 45 21
92 220 272 24 53 0 45 21
93 245 272 20 65 0 45 21
94 265 272 36 30 0 43 33
95 301 272 44 11 -1 -9 38
96 345 272 20 16 3 46 24
97 366 272 39 41 2 33 38
98 405 272 35 53 4 45 38
99 441 272 34 41 2 33 35
100 475 272 35 53 2 45 38
101 0 345 36 41 2 33 38
102 36 345 24 52 1 45 21
103 60 345 35 54 2 33 38
104 96 345 34 52 4 45 38
105 130 345 13 52 4 45 17
106 143 345 18 65 -2 45 17
107 162 345 34 52 4 45 35
108 196 345 13 52 4 45 17
109 209 345 51 41 4 33 55
110 260 345 34 41 4 33 38
111 294 345 37 41 2 33 38
112 331 345 35 54 4 33 38
113 367 345 35 54 2 33 38
114 403 345 23 41 4 33 24
115 426 345 34 41 1 33 35
116 460 345 23 48 1 40 21
117 0 418 34 41 4 33 38
118 34 418 38 40 0 33 35
119 72 418 52 40 0 33 49
120 125 418 37 40 0 33 35
121 162 418 38 53 0 33 35
122 200 418 33 40 2 33 35
123 234 418 26 65 1 45 24
124 260 418 12 66 5 45 20
125 273 418 26 65 1 45 24
126 299 418 38 15 2 24 40
